%YAML:1.0
---
cameraMatrixL: !!opencv-matrix
   rows: 3
   cols: 3
   dt: d
   data: [ 3.5345373698043187e+02, 0., 3.2175725352881045e+02, 0.,
       3.5342163330009737e+02, 1.6469724862936405e+02, 0., 0., 1. ]
cameraMatrixR: !!opencv-matrix
   rows: 3
   cols: 3
   dt: d
   data: [ 3.5216274739787758e+02, 0., 3.3462467168179029e+02, 0.,
       3.5226765483357184e+02, 1.7813393213950195e+02, 0., 0., 1. ]
distCoeffL: !!opencv-matrix
   rows: 5
   cols: 1
   dt: d
   data: [ -1.6536893267406616e-01, 6.1951744985478483e-03,
       -5.2764807287869432e-04, -9.3918261299520071e-04,
       1.4183356057020893e-02 ]
distCoeffR: !!opencv-matrix
   rows: 5
   cols: 1
   dt: d
   data: [ -1.6353567242450973e-01, -2.7399415959978319e-03,
       -3.2508063763371183e-04, -7.8425537645852210e-04,
       2.1365029036439120e-02 ]
Rl: !!opencv-matrix
   rows: 3
   cols: 3
   dt: d
   data: [ 9.9992570984236562e-01, -2.5052808973002991e-03,
       1.1928887788335688e-02, 2.4332934830763528e-03,
       9.9997876584068357e-01, 6.0454073947402527e-03,
       -1.1943779932094362e-02, -6.0159317955562289e-03,
       9.9991057334421907e-01 ]
Pl: !!opencv-matrix
   rows: 3
   cols: 4
   dt: d
   data: [ 2.8968850985575989e+02, 0., 3.2263985824584961e+02, 0., 0.,
       2.8968850985575989e+02, 1.7066626739501953e+02, 0., 0., 0., 1.,
       0. ]
Rr: !!opencv-matrix
   rows: 3
   cols: 3
   dt: d
   data: [ 9.9992570984236562e-01, -2.5052808973002991e-03,
       1.1928887788335688e-02, 2.4332934830763528e-03,
       9.9997876584068357e-01, 6.0454073947402527e-03,
       -1.1943779932094362e-02, -6.0159317955562289e-03,
       9.9991057334421907e-01 ]
Pr: !!opencv-matrix
   rows: 3
   cols: 4
   dt: d
   data: [ 2.8968850985575989e+02, 0., 3.2263985824584961e+02,
       -3.6263298556150701e+04, 0., 2.8968850985575989e+02,
       1.7066626739501953e+02, 0., 0., 0., 1., 0. ]
R: !!opencv-matrix
   rows: 3
   cols: 3
   dt: d
   data: [ 9.9994697737229732e-01, 3.6103857173959105e-04,
       1.0291360218945273e-02, -4.8498642112983843e-04,
       9.9992735169944835e-01, 1.2043924256607845e-02,
       -1.0286264247903255e-02, -1.2048276826057051e-02,
       9.9987450802255429e-01 ]
T: !!opencv-matrix
   rows: 3
   cols: 1
   dt: d
   data: [ -1.2517963166808684e+02, 3.5631057415230738e-01,
       -2.0931087897427439e-01 ]
